[scheduler]
on_rate: 0.0000462962963
off_rate: 0.005555555556