[scheduler]
on_rate : 0.002777777778
off_rate : 0.00005555555556
