[scheduler]
on_rate: 0.00000462962963
off_rate: 0.05555555556